9
8
8
1
29
82
32
2
3
1
1
21
511
10
26
4
85
53
37
440
491
14
421
375
87
30
295
1
13
467
316
75
79
5
13
518
8
1
28
1
39
2
23
33
19
3
17
29
2
409
9
118
135
101
3
445
128
28
3
4
76
3
12
41
26
5
28
396
254
4
1
52
37
39
105
99
7
1
2
111
98
8
4
68
1
82
3
29
17
552
26
37
16
188
40
139
24
11
13
6
9
26
91
34
95
176
178
174
176
106
48
536
115
1
96
18
2
119
89
3
3
263
284
447
157
160
8
7
153
5
6
51
10
477
8
9
24
25
299
24
90
36
5
144
4
498
138
419
104
8
18
10
94
26
1
3
15
3
119
5
6
16
5
9
23
52
116
12
19
24
329
477
457
1
19
49
439
12
4
131
16
293
11
443
68
16
334
23
363
330
1
344
26
307
27
2
245
506
4
3
12
567
26
383
91
7
424
315
111
17
8
37
21
31
5
171
2
321
29
41
574
17
578
353
30
1
111
203
20
80
311
8
111
96
18
364
214
90
117
44
1
2
12
7
19
5
2
12404
38
102
7
91
2
25
23
22
366
21
8
10
4
68
8
245
71
5
35
10
492
114
42
107
15
512
151
24
132
8
516
163
38
6
8
9
187
197
165
4
10
118
1
547
337
4
7
24
30
7
194
4
82
1
6
80
83
107
69
67
236
587
492
436
73
258
61
41
8
81
23
15
3
2
26
4
89
1
503
8
15
391
284
10
89
2
343
138
100
17
3
117
134
501
329
154
27
12
6
145
200
54
8
483
4
26
14
110
80
1
15
94
16
4
122
62
166
53
301
58
3
190
89
18
371
26
600
92
345
95
147
14
27
1
197
16699
53
38
8
1
8
2
347
513
2
55
7
63
419
253
18
114
376
494
35
37
50
79
430
97
24
385
6
18
23
67
6
5
32
26
64
214
557
3
172
8
18
45
231
82
17
338
519
58
551
3
103
91
42
403
164
12
8
82
547
9
359
456
464
74
162
27
50
2
1
469
119
120
273
274
246
70
42
15
35
35
9
12
399
70
2
7
55
24
23
535
33
9
1
8
2
530
329
2
7
3
99
226
255
378
91
263
15
22
3
2
139
11
26
10
65
30
50
11
31
280
20
69
148
9402
6
159
448
57
32
35
4
6
38
10
66
47
6
600
11
1
18
55
5
152
1
6
5
13
92
18
128
417
2
66
2
23
19
14
1
398
91
295
15
94
74
253
18
109
347
356
165
182
2
4
5
86
6
2
1
5
51
5
1
5
27
10
164
2
577
9
76
53
13
5
310
4
80
45
3
39
67
89
2
5
1
4
8
23
185
39
6
115
30
6
137
38
453
537
513
472
93
269
18
51
9
34
342
1
16
66
456
40
172
17
81
26
7
213
557
42
146
377
98
424
23
400
62
296
255
50
3
375
10
74
6
156
424
557
9
44
23
14
20
84
8
17
1
7
385
26
7
1
350
3
18
180
366
10
17
19
20
1
1
10
5
398
456
509
15
29
14
51
56
169
10
17461
2
7
143
91
201
454
89
13
142
341
24
4
77
45
6
20
10
37
55
13
2
22
78
25
92
180
262
50
5
40
283
6
25
319
36
114
390
136
150
36
9
216
24
65
20
200
5
322
67
591
371
13
10
75
49
11
245
28
70
13
11
21
20
93
168
7
369
386
5
197
48
350
129
6
43
376
38
162
445
23
5
261
512
16
1
1
15
83
1
65
8
70
4
52
2
498
112
206
318
457
25
2
29
19
120
9
95
292
316
397
3
4
6
20
59
225
74
64
496
6
7
6
174
1
327
59
4
3
56
29
11
15
506
93
95
229
187
72
2
9
198
454
11
7
20
31
30
277
116
99
97
89
258
28
30
17
67
336
4
77
128
510
328
97
425
183
10
35
42
119
10
9
318
264
58
549
1
24
166
67
439
519
554
2
10
17
6
23
558
9
47
189
12
5
2
554
517
23
19
10
362
14
6
121
169
504
334
100
61
48
216
263
22
5
3
82
7
221
240
104
10
385
38
15
61
112
160
7
68
364
455
10
218
13
82
112
121
73
270
5
185
166
221
8
593
50
515
48
100
164
66
108
246
507
8
6
49
63
22
1
121
12
30
47
152
10
398
30
12
1
90
27
7
377
380
544
111
21
2
283
106
34
86
7
88
2
589
511
4
93
3
61
154
2
339
429
9
8
5
69
3
5
20
10
1
4
439
535
10570
9
121
150
105
451
30
5
39
547
26
62
489
14
9
104
364
25
524
1
4
454
62
538
4
12
97
132
22
49
18
292
1
82
272
94
1
37
245
25
50
560
32
226
447
25
122
94
1
37
87
577
29
145
59
1
1
3
22
19
13
3
2
9
158
33
9
75
73
1
6
5
47
24
82
11
90
264
3
36
200
6
136
111
167
169
17
106
584
518
7
84
89
558
314
370
11
7
32
65
510
354
3
276
526
62
161
180
522
94
2
69
28
90
5
476
5
102
77
21
102
171
20
168
39
23
2
67
9
1
31
81
29
582
12
356
415
5
274
131
6
24
117
11548
22
430
29
284
53